20256
30085
30019
30103
20158
20342
30119
30033
20078
20184
30015
20088
20216
20330
20060
30109
30077
20280
20193
20132
30060
20062
20017
30087
20148
20194
20289
30070
30055
30096
20338
20015
20000
20010
30059
30023
20220
20130
20037
20137
20143
20028
20335
20162
20056
30053
20254
30071
20114
20251
20090
20219
20322
20160
20211
20221
20069
20298
30022
20341
30084
20231
30105
20156
20096
20255
20137-2
20075
20304
20264
20218
30072
20065
30094
20108
20202
20033
30068
20061
20225
20020
20234
30110
30016
20181
20171
20071
20094
30092
20245
20155
20053
20341-2
20004
20092
30027
20139
30080
